c_x:319.5
c_y:239.5
f_x:523.22602710213584
f_y:523.22602710213584
w:640
h:480
