25
[0.99993038, 0.0079624578, 0.0087047899, -0.076510325;
  -0.0081441738, 0.99974537, 0.021043144, -0.00464743;
  -0.0085350191, -0.021112574, 0.99974066, -0.0038048062;
  0, 0, 0, 1]
26
[0.9999662, 0.0055534253, 0.0060606506, -0.080620497;
  -0.0056762099, 0.99977511, 0.020433789, -0.0032754447;
  -0.0059458101, -0.020467499, 0.99977285, -0.0069730929;
  0, 0, 0, 1]
27
[0.99996436, 0.00704198, -0.0046571377, -0.069366492;
  -0.0069448277, 0.99976456, 0.020558076, -0.0026460628;
  0.0048008105, -0.020525001, 0.99977779, -0.0058813286;
  0, 0, 0, 1]
28
[0.99993366, 0.0098991338, -0.0058874832, -0.070233174;
  -0.0097772591, 0.99974447, 0.02038121, -0.0027313153;
  0.0060877348, -0.020322295, 0.99977493, -0.0062789526;
  0, 0, 0, 1]
29
[0.99991846, 0.012310345, -0.0033971602, -0.080250412;
  -0.012231324, 0.9996748, 0.022376033, -0.0050025778;
  0.003671512, -0.022332657, 0.99974388, -0.0069665127;
  0, 0, 0, 1]
30
[0.99983686, 0.018013701, -0.0013355891, -0.084396131;
  -0.017977215, 0.99956024, 0.023582056, -0.0069642356;
  0.0017598019, -0.023554198, 0.99972099, -0.0076384977;
  0, 0, 0, 1]
31
[0.99976951, 0.020580545, -0.0061115571, -0.087166324;
  -0.020442076, 0.99955082, 0.021915244, -0.0071186009;
  0.0065598395, -0.021785261, 0.99974114, -0.0083205272;
  0, 0, 0, 1]
32
[0.99978507, 0.020517614, -0.002970367, -0.09125495;
  -0.020453384, 0.99958587, 0.020242881, -0.0056559974;
  0.0033844723, -0.020177778, 0.99979067, -0.0065104384;
  0, 0, 0, 1]
33
[0.99977881, 0.020660419, -0.0039338488, -0.095487647;
  -0.020573212, 0.99956673, 0.02104941, -0.0067998073;
  0.004367034, -0.020963822, 0.9997707, -0.005068012;
  0, 0, 0, 1]
34
[0.99969906, 0.022730989, -0.0092225075, -0.097783282;
  -0.022530405, 0.99951923, 0.021299522, -0.0086033735;
  0.0097022327, -0.021085326, 0.99973059, -0.0066508427;
  0, 0, 0, 1]
35
[0.99967694, 0.024187148, -0.0078122695, -0.11184189;
  -0.024035206, 0.99953073, 0.018990109, -0.0067080804;
  0.0082679195, -0.018796204, 0.99978918, -0.00599857;
  0, 0, 0, 1]
36
[0.99961519, 0.025995616, -0.0096781058, -0.12093004;
  -0.025810821, 0.99949092, 0.018752918, -0.0054148603;
  0.010160672, -0.018495902, 0.99977732, -0.0076251929;
  0, 0, 0, 1]
37
[0.9995144, 0.029350823, -0.010465761, -0.12590638;
  -0.029148227, 0.9993943, 0.01901184, -0.0047385558;
  0.011017434, -0.018697551, 0.9997645, -0.0084078982;
  0, 0, 0, 1]
38
[0.99948823, 0.028388936, -0.014744352, -0.12740549;
  -0.028087385, 0.9993999, 0.020271469, -0.0043195714;
  0.01531099, -0.019846963, 0.99968576, -0.010667175;
  0, 0, 0, 1]
39
[0.99952477, 0.023978306, -0.019372283, -0.12991171;
  -0.023508491, 0.9994325, 0.024126174, -0.0052301493;
  0.019939793, -0.023659294, 0.9995212, -0.010780636;
  0, 0, 0, 1]
40
[0.99946547, 0.024136018, -0.022049516, -0.13502952;
  -0.023553021, 0.99937582, 0.026328057, -0.005141377;
  0.022671208, -0.025794651, 0.99941015, -0.012655079;
  0, 0, 0, 1]
41
[0.99929374, 0.026782198, -0.026357049, -0.13844553;
  -0.026036998, 0.99926251, 0.028221585, -0.0053128665;
  0.027093448, -0.027515395, 0.99925417, -0.012877834;
  0, 0, 0, 1]
42
[0.99887872, 0.027482891, -0.038548514, -0.14004077;
  -0.026408557, 0.99925601, 0.028107444, -0.0034161366;
  0.039292306, -0.027057918, 0.99886137, -0.019264672;
  0, 0, 0, 1]
43
[0.99856246, 0.02896066, -0.045103274, -0.14122653;
  -0.02771144, 0.9992215, 0.028080253, -0.0028274739;
  0.045881383, -0.02679001, 0.99858761, -0.021506058;
  0, 0, 0, 1]
44
[0.99860525, 0.031187214, -0.042601369, -0.1509717;
  -0.029995492, 0.99914843, 0.028332405, -0.0026608398;
  0.043448698, -0.02701504, 0.99869037, -0.022929233;
  0, 0, 0, 1]
45
[0.99801338, 0.034255102, -0.052876681, -0.15640931;
  -0.032906435, 0.99911577, 0.02616941, -0.00099802797;
  0.05372636, -0.024377437, 0.99825811, -0.027391935;
  0, 0, 0, 1]
46
[0.99722493, 0.034970164, -0.065722972, -0.1578892;
  -0.033745348, 0.99923718, 0.019655025, 0.0030847741;
  0.066360176, -0.017382637, 0.99764431, -0.035368349;
  0, 0, 0, 1]
47
[0.99821156, 0.042561971, -0.041978177, -0.1985078;
  -0.041488558, 0.99879754, 0.026119113, -0.0027385668;
  0.043039378, -0.024330787, 0.99877709, -0.027641717;
  0, 0, 0, 1]
48
[0.99817812, 0.042514756, -0.04281297, -0.20993373;
  -0.041451477, 0.99881697, 0.025424648, -0.0020767851;
  0.043843243, -0.023603667, 0.99875957, -0.031432848;
  0, 0, 0, 1]
49
[0.99749953, 0.047206532, -0.052595455, -0.21430565;
  -0.045868825, 0.99859971, 0.02635771, -0.0015373142;
  0.053766061, -0.023879312, 0.99826801, -0.034968734;
  0, 0, 0, 1]
50
[0.99764919, 0.050244413, -0.046600379, -0.24038175;
  -0.048950173, 0.99839419, 0.028511129, -0.0040013087;
  0.047958072, -0.026163008, 0.99850667, -0.041903637;
  0, 0, 0, 1]
51
[0.99757814, 0.046507075, -0.051719721, -0.25453591;
  -0.045380883, 0.99871087, 0.022740778, -0.0012825578;
  0.052710656, -0.020338615, 0.99840271, -0.04367267;
  0, 0, 0, 1]
52
[0.99769777, 0.04583668, -0.049982101, -0.26901633;
  -0.044798046, 0.99876022, 0.021706566, -0.0021058517;
  0.050915092, -0.019417493, 0.99851418, -0.043231245;
  0, 0, 0, 1]
53
[0.99732697, 0.048261847, -0.054860666, -0.27819642;
  -0.047175061, 0.99866718, 0.02093604, -0.0013327849;
  0.055797961, -0.018292023, 0.99827451, -0.048775993;
  0, 0, 0, 1]
54
[0.99586219, 0.052538686, -0.074149944, -0.28106952;
  -0.051104419, 0.99847019, 0.021110592, -0.0021322784;
  0.075145632, -0.01723385, 0.99702364, -0.059037354;
  0, 0, 0, 1]
55
[0.9954899, 0.054144491, -0.077899121, -0.29989967;
  -0.052973691, 0.99845088, 0.017019959, 0.0012645967;
  0.078699976, -0.012816594, 0.99681598, -0.059074786;
  0, 0, 0, 1]
56
[0.99509305, 0.049041577, -0.085934862, -0.31187847;
  -0.04786646, 0.9987306, 0.015683297, -0.0015839031;
  0.086594917, -0.011492942, 0.99617732, -0.062506422;
  0, 0, 0, 1]
57
[0.99297184, 0.052199617, -0.10621738, -0.30958107;
  -0.050951403, 0.99859685, 0.014433257, 0.00012606966;
  0.10682175, -0.0089198938, 0.9942382, -0.068452582;
  0, 0, 0, 1]
58
[0.99140966, 0.045251258, -0.12271593, -0.31572658;
  -0.043885153, 0.99894106, 0.013813818, -0.0021973483;
  0.12321108, -0.0083097452, 0.99234569, -0.076206997;
  0, 0, 0, 1]
59
[0.99177092, 0.041139837, -0.12123511, -0.3271763;
  -0.0395726, 0.99909943, 0.015307721, -0.0042064972;
  0.12175569, -0.010384164, 0.99250579, -0.079228483;
  0, 0, 0, 1]
60
[0.99203968, 0.041940719, -0.11873582, -0.34056744;
  -0.040063683, 0.9990322, 0.018152615, -0.0054809982;
  0.11938225, -0.01325112, 0.99275994, -0.083477683;
  0, 0, 0, 1]
61
[0.99044764, 0.042917371, -0.13104039, -0.34844923;
  -0.040214512, 0.99892157, 0.023204422, -0.0064930976;
  0.13189496, -0.017713038, 0.99110544, -0.089118361;
  0, 0, 0, 1]
62
[0.9917587, 0.041716371, -0.12113788, -0.37449312;
  -0.039341308, 0.99898511, 0.021933246, -0.0054683173;
  0.12192991, -0.016986765, 0.99239331, -0.094971471;
  0, 0, 0, 1]
63
[0.99313319, 0.038029257, -0.11063542, -0.40560952;
  -0.035714205, 0.99910116, 0.022832738, -0.0084890677;
  0.11140429, -0.018724693, 0.99359876, -0.097220086;
  0, 0, 0, 1]
64
[0.99272168, 0.029368354, -0.1167952, -0.41279536;
  -0.027116515, 0.9994154, 0.020823052, -0.0096930079;
  0.11733846, -0.017504416, 0.99293768, -0.10645001;
  0, 0, 0, 1]
65
[0.99267447, 0.028681593, -0.11736613, -0.42635605;
  -0.026144421, 0.99939126, 0.023100657, -0.0094879093;
  0.11795724, -0.019862963, 0.99282002, -0.11249311;
  0, 0, 0, 1]
66
[0.99167734, 0.029331332, -0.12536246, -0.43542659;
  -0.026817676, 0.99940497, 0.021692276, -0.0088574775;
  0.12592411, -0.018149808, 0.99187386, -0.11988112;
  0, 0, 0, 1]
67
[0.99255979, 0.027845023, -0.11853126, -0.44941276;
  -0.025787417, 0.99948955, 0.018857952, -0.009794048;
  0.11899587, -0.015661031, 0.99277121, -0.1195978;
  0, 0, 0, 1]
68
[0.99320579, 0.024729177, -0.11371351, -0.45841509;
  -0.023040766, 0.99960428, 0.016138522, -0.0100758;
  0.1140676, -0.013408827, 0.99338251, -0.12142266;
  0, 0, 0, 1]
69
[0.99234712, 0.01680834, -0.1223302, -0.47529408;
  -0.015055018, 0.99977046, 0.015242991, -0.016091503;
  0.12255833, -0.013284654, 0.99237239, -0.13043676;
  0, 0, 0, 1]
70
[0.98975277, 0.017162001, -0.14175639, -0.48083046;
  -0.015321274, 0.99978369, 0.014066489, -0.017738773;
  0.14196713, -0.011750459, 0.98980165, -0.14420022;
  0, 0, 0, 1]
71
[0.98722577, 0.017085632, -0.15840875, -0.48634958;
  -0.015355018, 0.99980837, 0.012142566, -0.019868854;
  0.15858585, -0.0095550856, 0.98729897, -0.15787363;
  0, 0, 0, 1]
72
[0.98390877, 0.013621374, -0.17815168, -0.48930532;
  -0.012760164, 0.9999007, 0.0059790839, -0.020702187;
  0.17821543, -0.0036096284, 0.98398489, -0.1688877;
  0, 0, 0, 1]
73
[0.98055911, 0.012106182, -0.19585007, -0.49608788;
  -0.011571217, 0.99992555, 0.0038755031, -0.023374423;
  0.19588241, -0.0015339361, 0.98062617, -0.18215008;
  0, 0, 0, 1]
74
[0.98085272, 0.014967583, -0.19417483, -0.51058894;
  -0.014233032, 0.99988532, 0.005177591, -0.02451458;
  0.19423005, -0.0023147578, 0.98095328, -0.18314819;
  0, 0, 0, 1]
75
[0.9790172, 0.014329237, -0.20327331, -0.52596396;
  -0.015049439, 0.99988478, -0.0019976748, -0.022033066;
  0.20322126, 0.0050149071, 0.97912002, -0.18888073;
  0, 0, 0, 1]
76
[0.97645003, 0.014336329, -0.21526681, -0.53162199;
  -0.015819121, 0.99986154, -0.0051667891, -0.02144737;
  0.21516292, 0.0084504429, 0.97654158, -0.19936109;
  0, 0, 0, 1]
77
[0.97728956, 0.015477561, -0.21134238, -0.5484615;
  -0.016532665, 0.99985814, -0.0032262083, -0.021424746;
  0.21126245, 0.0066469922, 0.97740674, -0.20262121;
  0, 0, 0, 1]
78
[0.97545213, 0.023647061, -0.21893819, -0.55891269;
  -0.023588074, 0.99971759, 0.0028836699, -0.018302018;
  0.21894455, 0.0023514484, 0.97573447, -0.20904538;
  0, 0, 0, 1]
79
[0.9739573, 0.034497675, -0.22409166, -0.56890231;
  -0.032990124, 0.99940085, 0.010469081, -0.013770269;
  0.22431856, -0.0028036258, 0.97451186, -0.21700634;
  0, 0, 0, 1]
80
[0.96768898, 0.027050791, -0.25069162, -0.57279319;
  -0.022968266, 0.99955189, 0.019197013, -0.024366241;
  0.25109857, -0.012818785, 0.96787661, -0.2445775;
  0, 0, 0, 1]
81
[0.96894711, 0.022858039, -0.24620922, -0.59481889;
  -0.018475953, 0.99962735, 0.020093882, -0.025876338;
  0.24657677, -0.01492096, 0.96900839, -0.25328359;
  0, 0, 0, 1]
82
[0.97259152, 0.018875398, -0.23175307, -0.62058473;
  -0.014775348, 0.99970233, 0.019414637, -0.027362818;
  0.23205055, -0.015458278, 0.97258091, -0.25225079;
  0, 0, 0, 1]
83
[0.9704057, 0.014458491, -0.24104705, -0.61721784;
  -0.010968536, 0.99981481, 0.015813857, -0.027887188;
  0.24123105, -0.012701925, 0.9703846, -0.26050356;
  0, 0, 0, 1]
84
[0.97261953, 0.01162345, -0.23211223, -0.62350154;
  -0.0080418382, 0.99983364, 0.016370816, -0.030270057;
  0.23226391, -0.014055966, 0.97255123, -0.25971919;
  0, 0, 0, 1]
85
[0.97792578, 0.013875826, -0.20849147, -0.62891489;
  -0.010375071, 0.99978638, 0.017875131, -0.025835024;
  0.20869496, -0.015317438, 0.97786081, -0.24487653;
  0, 0, 0, 1]
86
[0.98118681, 0.013541764, -0.19258514, -0.62754536;
  -0.0098584434, 0.99974996, 0.020071134, -0.029910579;
  0.19280879, -0.017794942, 0.98107499, -0.23500761;
  0, 0, 0, 1]
87
[0.98194015, 0.013965024, -0.18867579, -0.62405622;
  -0.0099766003, 0.99970663, 0.022072267, -0.032431379;
  0.18892866, -0.019791301, 0.98179138, -0.23284455;
  0, 0, 0, 1]
88
[0.9828921, 0.015868166, -0.18349735, -0.6222555;
  -0.012440541, 0.99972624, 0.019815613, -0.030589081;
  0.18376155, -0.017193804, 0.98282045, -0.22789675;
  0, 0, 0, 1]
89
[0.98402923, 0.018249266, -0.17706895, -0.61416453;
  -0.015011578, 0.99969506, 0.01960744, -0.034227956;
  0.17737277, -0.01663621, 0.98400313, -0.22177148;
  0, 0, 0, 1]
90
[0.98391628, 0.020279465, -0.17747536, -0.60305482;
  -0.017195417, 0.99967355, 0.01889836, -0.041673861;
  0.17780067, -0.015542642, 0.98394376, -0.22006753;
  0, 0, 0, 1]
91
[0.98311859, 0.022128982, -0.18162629, -0.59509623;
  -0.019872162, 0.99970114, 0.014236248, -0.041509867;
  0.18188705, -0.010386613, 0.98326457, -0.21908596;
  0, 0, 0, 1]
92
[0.98330337, 0.024108827, -0.18036965, -0.59268814;
  -0.021990646, 0.99966383, 0.013734274, -0.047473263;
  0.18064013, -0.0095385136, 0.98350298, -0.21914642;
  0, 0, 0, 1]
93
[0.98417521, 0.024104545, -0.17555103, -0.59469914;
  -0.022682281, 0.99969167, 0.010104035, -0.050589077;
  0.17574045, -0.0059622424, 0.98441845, -0.21657561;
  0, 0, 0, 1]
94
[0.98456275, 0.026503783, -0.17301351, -0.58381051;
  -0.025656894, 0.99964535, 0.007129855, -0.060865074;
  0.17314112, -0.0025808006, 0.98489362, -0.21218221;
  0, 0, 0, 1]
95
[0.98554605, 0.031604346, -0.16643368, -0.5873915;
  -0.029850679, 0.99946946, 0.013028372, -0.066825531;
  0.16675712, -0.0078719025, 0.98596656, -0.20875153;
  0, 0, 0, 1]
96
[0.9853009, 0.033043735, -0.16760138, -0.5854736;
  -0.031459153, 0.99943179, 0.012101492, -0.068212688;
  0.16790602, -0.0066510141, 0.9857806, -0.20681654;
  0, 0, 0, 1]
97
[0.98510927, 0.032466244, -0.16883613, -0.57928473;
  -0.030700827, 0.99944335, 0.013057049, -0.079457968;
  0.16916606, -0.0076792114, 0.98555768, -0.20799892;
  0, 0, 0, 1]
98
[0.98490691, 0.032687549, -0.16997036, -0.57089341;
  -0.031341672, 0.99945259, 0.010596103, -0.095561609;
  0.17022368, -0.0051090196, 0.98539221, -0.21000406;
  0, 0, 0, 1]
99
[0.98476958, 0.031785179, -0.17093454, -0.56408411;
  -0.030155364, 0.99947172, 0.012123364, -0.10808338;
  0.17122959, -0.0067841262, 0.9852078, -0.21185485;
  0, 0, 0, 1]
100
[0.98562896, 0.034548208, -0.16535403, -0.56400591;
  -0.032952916, 0.99938017, 0.012382216, -0.10883068;
  0.16567932, -0.0067553734, 0.98615652, -0.20994654;
  0, 0, 0, 1]
101
[0.98690182, 0.035132397, -0.15744993, -0.57064325;
  -0.032945879, 0.99932134, 0.016476387, -0.11586462;
  0.15792193, -0.01107325, 0.9873895, -0.20803036;
  0, 0, 0, 1]
102
[0.9859165, 0.03932675, -0.16254872, -0.56571561;
  -0.036554128, 0.99913126, 0.020014104, -0.12585977;
  0.1631946, -0.013790409, 0.98649752, -0.21242103;
  0, 0, 0, 1]
103
[0.98561352, 0.03768231, -0.16476056, -0.56310117;
  -0.034636091, 0.99917245, 0.021323839, -0.13498393;
  0.16542774, -0.015310402, 0.98610306, -0.21308768;
  0, 0, 0, 1]
104
[0.9850142, 0.035510067, -0.16877826, -0.55840403;
  -0.031971231, 0.99920917, 0.023639711, -0.14735779;
  0.16948423, -0.017889403, 0.98537052, -0.21649536;
  0, 0, 0, 1]
105
[0.98566353, 0.035820607, -0.16487642, -0.56228608;
  -0.032003928, 0.99915606, 0.025748203, -0.15284367;
  0.16565959, -0.020102371, 0.98597807, -0.21470699;
  0, 0, 0, 1]
106
[0.98555511, 0.034013171, -0.16590439, -0.56257296;
  -0.030645471, 0.99926984, 0.022817574, -0.15483725;
  0.16655935, -0.017403757, 0.98587781, -0.2150168;
  0, 0, 0, 1]
107
[0.98366141, 0.036952265, -0.17619538, -0.55547875;
  -0.033016615, 0.99913663, 0.025217423, -0.1607547;
  0.1769751, -0.01898803, 0.98403215, -0.22097467;
  0, 0, 0, 1]
108
[0.98332679, 0.038931277, -0.17763108, -0.5510754;
  -0.034767881, 0.99904424, 0.026492426, -0.16030501;
  0.17849268, -0.019874856, 0.98374051, -0.22111841;
  0, 0, 0, 1]
109
[0.98432267, 0.036765967, -0.17250267, -0.54145503;
  -0.031995118, 0.99902689, 0.030357035, -0.16518551;
  0.17345092, -0.024361875, 0.98454118, -0.21732368;
  0, 0, 0, 1]
110
[0.98483098, 0.036406502, -0.16965412, -0.53598756;
  -0.030907162, 0.9989112, 0.034944817, -0.16950513;
  0.17074162, -0.02917121, 0.9848839, -0.2145547;
  0, 0, 0, 1]
111
[0.98616821, 0.038858905, -0.16112806, -0.53521532;
  -0.034053709, 0.99889213, 0.03247831, -0.16510209;
  0.16221163, -0.026542066, 0.98639894, -0.20950405;
  0, 0, 0, 1]
112
[0.98677915, 0.034202311, -0.15842059, -0.52738374;
  -0.029652759, 0.99907964, 0.030994115, -0.16600719;
  0.15933485, -0.025886741, 0.98688513, -0.20657656;
  0, 0, 0, 1]
113
[0.98890543, 0.033008948, -0.14483246, -0.52185917;
  -0.029476726, 0.99921501, 0.026467415, -0.15865326;
  0.14559244, -0.021904584, 0.98910213, -0.19751844;
  0, 0, 0, 1]
114
[0.98902619, 0.029212672, -0.14482337, -0.50975591;
  -0.025054457, 0.9992221, 0.030453878, -0.16257346;
  0.14560036, -0.026491212, 0.98898876, -0.19982857;
  0, 0, 0, 1]
115
[0.99098891, 0.026350904, -0.13132633, -0.49949113;
  -0.021524735, 0.9990446, 0.038034666, -0.16441278;
  0.1322031, -0.034865171, 0.99060929, -0.19222929;
  0, 0, 0, 1]
116
[0.99054134, 0.023358906, -0.13521191, -0.48259866;
  -0.019048529, 0.99927098, 0.033085272, -0.15791422;
  0.13588618, -0.030196739, 0.99026418, -0.19274108;
  0, 0, 0, 1]
117
[0.99414837, 0.018822035, -0.10637067, -0.48536173;
  -0.015032335, 0.99922723, 0.036317505, -0.16103403;
  0.10697205, -0.034505989, 0.99366307, -0.18008804;
  0, 0, 0, 1]
118
[0.99426466, 0.01209417, -0.1062615, -0.46681044;
  -0.0085290102, 0.99938744, 0.03394144, -0.16234495;
  0.1066069, -0.032840472, 0.99375874, -0.1823514;
  0, 0, 0, 1]
119
[0.99475181, 0.0080631888, -0.10199937, -0.45550355;
  -0.0048960051, 0.9994992, 0.03126334, -0.16131978;
  0.10220037, -0.030599875, 0.99429309, -0.18022114;
  0, 0, 0, 1]
120
[0.99606961, 0.0088120392, -0.088134505, -0.44599295;
  -0.0061392114, 0.99951434, 0.030551916, -0.1591657;
  0.088360921, -0.029890757, 0.99563992, -0.17479685;
  0, 0, 0, 1]
121
[0.99729007, 0.0063127349, -0.07329879, -0.43265426;
  -0.0041470258, 0.99955142, 0.029661002, -0.15860493;
  0.073453151, -0.02927665, 0.99686885, -0.16882929;
  0, 0, 0, 1]
122
[0.99725324, 0.0022111086, -0.074033983, -0.4164114;
  -6.8912021e-05, 0.99958158, 0.028925372, -0.16054866;
  0.074066967, -0.028840819, 0.99683613, -0.17079175;
  0, 0, 0, 1]
123
[0.99771267, 0.0016572903, -0.067577049, -0.40777737;
  0.00048232431, 0.99949944, 0.03163325, -0.16297208;
  0.067595646, -0.03159349, 0.99721247, -0.16720346;
  0, 0, 0, 1]
124
[0.99908423, 0.0066726161, -0.042263452, -0.40557116;
  -0.0052833566, 0.99944472, 0.032898236, -0.16080523;
  0.042459503, -0.032644816, 0.99856472, -0.15882501;
  0, 0, 0, 1]
125
[0.99919885, 0.00075004157, -0.040012985, -0.39126953;
  0.00048825136, 0.99952149, 0.03092853, -0.16121154;
  0.040017039, -0.030923288, 0.99872035, -0.15651146;
  0, 0, 0, 1]
126
[0.99939203, -0.0013276346, -0.034839336, -0.38245398;
  0.0023922184, 0.99953091, 0.030533087, -0.16186742;
  0.034782454, -0.030597866, 0.9989264, -0.15355372;
  0, 0, 0, 1]
127
[0.99992073, -0.0023788463, -0.012365804, -0.37482274;
  0.0027642369, 0.99950802, 0.031242762, -0.15991177;
  0.012285398, -0.031274468, 0.99943531, -0.1403531;
  0, 0, 0, 1]
128
[0.99989432, -0.014205387, 0.0030911302, -0.36641842;
  0.014091276, 0.99931413, 0.034245268, -0.16472784;
  -0.0035754773, -0.03419809, 0.99940866, -0.1355229;
  0, 0, 0, 1]
129
[0.99983394, -0.01538424, -0.0097699556, -0.3515127;
  0.015713276, 0.99927956, 0.034545753, -0.16557018;
  0.0092314575, -0.034693532, 0.99935538, -0.14418995;
  0, 0, 0, 1]
130
[0.99977279, -0.021159826, 0.0025865347, -0.3447471;
  0.021043843, 0.99902785, 0.038736992, -0.16649337;
  -0.0034036883, -0.038673759, 0.99924612, -0.13840382;
  0, 0, 0, 1]
131
[0.99977344, -0.021281233, 0.00041176498, -0.33316475;
  0.021246919, 0.9989478, 0.040643226, -0.16618375;
  -0.0012762697, -0.04062527, 0.99917364, -0.13918033;
  0, 0, 0, 1]
132
[0.99976879, -0.019379333, 0.0093136635, -0.32309088;
  0.018948628, 0.99883866, 0.04429822, -0.16558474;
  -0.010161317, -0.044111498, 0.99897492, -0.13428874;
  0, 0, 0, 1]
133
[0.99968868, -0.022864807, 0.0099864667, -0.31310657;
  0.022376828, 0.99866718, 0.046509966, -0.16724251;
  -0.011036597, -0.046272021, 0.99886793, -0.1354548;
  0, 0, 0, 1]
134
[0.99951327, -0.024089482, 0.019823667, -0.30198589;
  0.023084477, 0.99850965, 0.04945302, -0.16660564;
  -0.020985419, -0.048971329, 0.99857968, -0.13145243;
  0, 0, 0, 1]
135
[0.99969131, -0.020177869, 0.014497826, -0.28788358;
  0.019391945, 0.9984355, 0.052445244, -0.16537863;
  -0.015533377, -0.052147914, 0.99851859, -0.13264944;
  0, 0, 0, 1]
136
[0.99980307, -0.019575734, 0.0032638412, -0.27431193;
  0.019378291, 0.99844229, 0.052320302, -0.16471733;
  -0.0042829653, -0.052246749, 0.99862504, -0.13599706;
  0, 0, 0, 1]
137
[0.99966115, -0.011851678, 0.023176646, -0.27533868;
  0.010483788, 0.99824542, 0.058276217, -0.16178776;
  -0.023826653, -0.058013491, 0.99803144, -0.12828057;
  0, 0, 0, 1]
138
[0.99948525, -0.010878865, 0.030180734, -0.27100959;
  0.0091214618, 0.99828839, 0.057767909, -0.1591823;
  -0.030757524, -0.057462879, 0.99787372, -0.12435891;
  0, 0, 0, 1]
139
[0.99903655, -0.015247561, 0.041152384, -0.26990837;
  0.012879258, 0.99827892, 0.057213429, -0.15885998;
  -0.041953921, -0.056628294, 0.99751347, -0.12198576;
  0, 0, 0, 1]
140
[0.99814957, -0.010515134, 0.059890103, -0.27197552;
  0.0069347057, 0.99819344, 0.059680384, -0.15762837;
  -0.060409456, -0.05915463, 0.99641931, -0.11590596;
  0, 0, 0, 1]
141
[0.99821764, -0.010262225, 0.058789443, -0.27089444;
  0.0067602675, 0.99820781, 0.059459891, -0.1576605;
  -0.059294272, -0.058956482, 0.99649805, -0.11764415;
  0, 0, 0, 1]
142
[0.99552834, -0.018998813, 0.092533112, -0.27973717;
  0.013320648, 0.99801207, 0.061599161, -0.16013394;
  -0.093519479, -0.060091108, 0.99380237, -0.11040411;
  0, 0, 0, 1]
143
[0.99374479, -0.013565912, 0.11084777, -0.28133279;
  0.0069712652, 0.9981941, 0.059665196, -0.15520851;
  -0.11145701, -0.058519229, 0.99204475, -0.10197569;
  0, 0, 0, 1]
144
[0.99290538, -0.014234887, 0.11805189, -0.2773554;
  0.0069999336, 0.99808401, 0.061475862, -0.15560418;
  -0.11870081, -0.060213357, 0.99110264, -0.10001639;
  0, 0, 0, 1]
145
[0.99256653, -0.016352065, 0.12059978, -0.26966292;
  0.0088577438, 0.99801075, 0.06241833, -0.15693372;
  -0.12138055, -0.0608861, 0.9907369, -0.099832326;
  0, 0, 0, 1]
146
[0.98924637, -0.016402926, 0.14533602, -0.27222261;
  0.0075042602, 0.99807477, 0.061566185, -0.15685919;
  -0.14606608, -0.059813488, 0.98746496, -0.09267664;
  0, 0, 0, 1]
147
[0.98568803, -0.012678394, 0.1681024, -0.27197549;
  0.0028647291, 0.99828368, 0.05849354, -0.15506212;
  -0.16855548, -0.057174813, 0.98403257, -0.08771839;
  0, 0, 0, 1]
148
[0.9843998, -0.016956838, 0.17512718, -0.26761979;
  0.0063358448, 0.99811584, 0.061029278, -0.15695126;
  -0.17583208, -0.058967631, 0.98265249, -0.085809313;
  0, 0, 0, 1]
149
[0.98051393, -0.010890846, 0.19614743, -0.26752353;
  -0.0019574875, 0.99787092, 0.06519077, -0.15529625;
  -0.1964398, -0.064304411, 0.978405, -0.078258872;
  0, 0, 0, 1]
150
[0.97883958, -0.0088208169, 0.20443906, -0.26406398;
  -0.0048724306, 0.99778253, 0.066379607, -0.15459947;
  -0.20457125, -0.065971106, 0.97662604, -0.076917872;
  0, 0, 0, 1]
151
[0.97530657, -0.0057402221, 0.22078086, -0.26550397;
  -0.01046663, 0.99733764, 0.072167091, -0.15299675;
  -0.22060731, -0.072695866, 0.97264987, -0.074207917;
  0, 0, 0, 1]
152
[0.97429579, -0.010296822, 0.22503696, -0.26334578;
  -0.0079815201, 0.99674976, 0.080163352, -0.15465637;
  -0.22513098, -0.079898953, 0.97104698, -0.069716424;
  0, 0, 0, 1]
153
[0.97268939, -0.013685399, 0.2317068, -0.2605558;
  -0.010258638, 0.99475008, 0.10181843, -0.15474826;
  -0.23188378, -0.1014147, 0.96744251, -0.063857548;
  0, 0, 0, 1]
154
[0.97204471, -0.016034527, 0.23424761, -0.25750792;
  -0.01242337, 0.99275553, 0.11950789, -0.15055421;
  -0.23446687, -0.11907715, 0.96480358, -0.060454097;
  0, 0, 0, 1]
155
[0.97180426, -0.020089487, 0.23493165, -0.25721219;
  -0.011156067, 0.99133039, 0.13091822, -0.15008236;
  -0.23552495, -0.12984779, 0.96315497, -0.057613123;
  0, 0, 0, 1]
156
[0.97261792, -0.020871423, 0.23147091, -0.2558175;
  -0.012095794, 0.99006373, 0.14009807, -0.14776526;
  -0.232095, -0.1390617, 0.96270126, -0.058362987;
  0, 0, 0, 1]
157
[0.97324353, -0.017120771, 0.2291372, -0.25770375;
  -0.023562049, 0.98452723, 0.17364042, -0.14532436;
  -0.22856466, -0.17439336, 0.95778137, -0.048339315;
  0, 0, 0, 1]
158
[0.97359735, -0.017966505, 0.22756414, -0.25496322;
  -0.025012372, 0.98249894, 0.18458116, -0.1379786;
  -0.22689781, -0.18539964, 0.95610899, -0.04669958;
  0, 0, 0, 1]
159
[0.97297412, -0.022189364, 0.22984561, -0.25731352;
  -0.021471821, 0.98236591, 0.18573162, -0.13212255;
  -0.22991376, -0.18564726, 0.95534015, -0.042144984;
  0, 0, 0, 1]
160
[0.97314036, -0.022128783, 0.22914663, -0.25596213;
  -0.025260499, 0.97909516, 0.20182794, -0.13017175;
  -0.22882257, -0.20219527, 0.95223802, -0.03978049;
  0, 0, 0, 1]
161
[0.97424436, -0.020043205, 0.22460231, -0.25412658;
  -0.028332302, 0.9772681, 0.21010545, -0.12767093;
  -0.22370787, -0.21105756, 0.9515301, -0.039305639;
  0, 0, 0, 1]
162
[0.97491676, -0.018699633, 0.2217828, -0.2520681;
  -0.030498007, 0.97584122, 0.21634179, -0.12482852;
  -0.22047032, -0.21767919, 0.95079368, -0.038728453;
  0, 0, 0, 1]
163
[0.97516304, -0.01565746, 0.22093409, -0.25279951;
  -0.036202215, 0.97281587, 0.22873285, -0.11367488;
  -0.21850955, -0.23105013, 0.94808722, -0.036018509;
  0, 0, 0, 1]
164
[0.97535288, -0.015770594, 0.22008632, -0.25078255;
  -0.037464563, 0.97112328, 0.23561828, -0.11235631;
  -0.21744679, -0.23805642, 0.9465971, -0.03601465;
  0, 0, 0, 1]
165
[0.9748438, -0.00716927, 0.22277384, -0.25150612;
  -0.048869681, 0.96828765, 0.24501181, -0.10951755;
  -0.21746571, -0.24973513, 0.94357884, -0.034130041;
  0, 0, 0, 1]
166
[0.97379023, -0.0060318634, 0.22736801, -0.25188211;
  -0.054205731, 0.96469021, 0.25774905, -0.1092279;
  -0.22089441, -0.26331815, 0.93907893, -0.032299843;
  0, 0, 0, 1]
167
[0.9737426, -0.0051714545, 0.22759303, -0.25144592;
  -0.056008101, 0.96357119, 0.26152179, -0.10818674;
  -0.22065455, -0.26740196, 0.93798071, -0.032124549;
  0, 0, 0, 1]
168
[0.97312951, -0.0050014402, 0.23020418, -0.25117213;
  -0.057649408, 0.96263015, 0.26461238, -0.10643845;
  -0.22292493, -0.27077323, 0.93647546, -0.031906355;
  0, 0, 0, 1]
169
[0.97319788, -0.0052068536, 0.22991039, -0.24999054;
  -0.058645166, 0.96107066, 0.27000737, -0.10218595;
  -0.22236602, -0.27625376, 0.93500656, -0.032274406;
  0, 0, 0, 1]
170
[0.97435707, -0.00058898085, 0.22500654, -0.25076827;
  -0.0625128, 0.95991963, 0.27321503, -0.097160518;
  -0.21614911, -0.28027478, 0.93526769, -0.033469126;
  0, 0, 0, 1]
171
[0.97417909, -0.0035271528, 0.22574905, -0.24969099;
  -0.060427047, 0.95932794, 0.27575073, -0.096020199;
  -0.21753998, -0.28227192, 0.93434411, -0.032819252;
  0, 0, 0, 1]
172
[0.97336262, -0.006288202, 0.22918487, -0.25196585;
  -0.058815021, 0.95932412, 0.27611232, -0.095678017;
  -0.22159882, -0.2822369, 0.93340039, -0.031050513;
  0, 0, 0, 1]
173
[0.97385907, -0.010381146, 0.22691581, -0.25104439;
  -0.053307399, 0.96061337, 0.27272743, -0.095057242;
  -0.22080958, -0.27769437, 0.93494862, -0.03147706;
  0, 0, 0, 1]
174
[0.97612494, -0.012966219, 0.21682246, -0.25071752;
  -0.047278292, 0.96160072, 0.27034953, -0.094944432;
  -0.21200204, -0.2741459, 0.93802941, -0.033269167;
  0, 0, 0, 1]
175
[0.97850692, -0.010182311, 0.20596257, -0.25277731;
  -0.046062723, 0.96275145, 0.26643544, -0.09595833;
  -0.2010037, -0.27019611, 0.94158989, -0.038732637;
  0, 0, 0, 1]
176
[0.97905546, -0.0046304339, 0.20354091, -0.25527832;
  -0.049978804, 0.9636839, 0.2623271, -0.095141239;
  -0.19736378, -0.2670055, 0.9432686, -0.042132206;
  0, 0, 0, 1]
177
[0.9795171, -0.006423681, 0.20125851, -0.25842774;
  -0.045442142, 0.96665496, 0.25201836, -0.095442019;
  -0.19616641, -0.25600192, 0.94656312, -0.045654509;
  0, 0, 0, 1]
178
[0.98118144, -0.010324261, 0.19281165, -0.26561907;
  -0.037551668, 0.96930039, 0.24299523, -0.09809944;
  -0.18940115, -0.24566281, 0.95067185, -0.055897243;
  0, 0, 0, 1]
179
[0.98251355, -0.0065498948, 0.18607588, -0.26528546;
  -0.039031137, 0.96993023, 0.24023299, -0.0969062;
  -0.18205412, -0.24329491, 0.95271397, -0.060618538;
  0, 0, 0, 1]
180
[0.98350042, -0.010031788, 0.18062738, -0.26506096;
  -0.034175433, 0.97017986, 0.23996468, -0.09898831;
  -0.17764832, -0.24217838, 0.95382947, -0.064106539;
  0, 0, 0, 1]
181
[0.98442566, -0.0089263692, 0.17557442, -0.27209413;
  -0.03320029, 0.97129935, 0.235532, -0.096581444;
  -0.17263776, -0.23769288, 0.95587569, -0.069269434;
  0, 0, 0, 1]
182
[0.98589993, -0.008172296, 0.1671363, -0.27186537;
  -0.031731434, 0.97155422, 0.2346818, -0.096817948;
  -0.16429986, -0.23667625, 0.95759588, -0.074767493;
  0, 0, 0, 1]
183
[0.98744971, -0.0046193032, 0.15786639, -0.27524304;
  -0.033289533, 0.97102737, 0.23663813, -0.097956911;
  -0.15438569, -0.23892355, 0.95868689, -0.079593621;
  0, 0, 0, 1]
184
[0.98739052, -0.0051263496, 0.15822037, -0.28186017;
  -0.032817423, 0.97113425, 0.23626533, -0.097552627;
  -0.15486439, -0.23847854, 0.95872051, -0.078670904;
  0, 0, 0, 1]
185
[0.99012256, -0.0086230291, 0.13993932, -0.28629863;
  -0.02488046, 0.97145891, 0.23589954, -0.099664383;
  -0.13797946, -0.2370512, 0.96164876, -0.08586067;
  0, 0, 0, 1]
186
[0.9903996, -0.010437025, 0.13783959, -0.29185396;
  -0.022166049, 0.97225183, 0.23288421, -0.097158998;
  -0.1364454, -0.23370379, 0.96268642, -0.087643526;
  0, 0, 0, 1]
187
[0.99063253, -0.010943462, 0.13611561, -0.29918414;
  -0.020546854, 0.97349012, 0.22780439, -0.092493363;
  -0.13500017, -0.22846718, 0.96414608, -0.089369424;
  0, 0, 0, 1]
188
[0.99249667, -0.0076523316, 0.12203178, -0.30115998;
  -0.019713972, 0.97496706, 0.22147365, -0.087929122;
  -0.12067176, -0.22221759, 0.96750075, -0.098643236;
  0, 0, 0, 1]
189
[0.99284548, -0.014343421, 0.11854188, -0.30628061;
  -0.011276181, 0.97705978, 0.21266648, -0.08354719;
  -0.11887287, -0.21248165, 0.96990764, -0.10231124;
  0, 0, 0, 1]
190
[0.99318892, -0.016057232, 0.11540342, -0.31044218;
  -0.0084272316, 0.97796458, 0.20860073, -0.082265995;
  -0.11621001, -0.20815247, 0.97116828, -0.10309387;
  0, 0, 0, 1]
191
[0.99470258, -0.016510049, 0.10146013, -0.310761;
  -0.0043890034, 0.97929627, 0.20238474, -0.0806197;
  -0.1027009, -0.20175794, 0.97403604, -0.10773566;
  0, 0, 0, 1]
192
[0.99564606, -0.017695198, 0.091519676, -0.31473979;
  -0.00038557508, 0.98102623, 0.19387472, -0.076460317;
  -0.093213849, -0.19306588, 0.97674805, -0.11058269;
  0, 0, 0, 1]
193
[0.99697381, -0.016943302, 0.07586915, -0.31498575;
  0.0025331005, 0.98252136, 0.18613261, -0.073120601;
  -0.077696763, -0.18537715, 0.97959101, -0.11789765;
  0, 0, 0, 1]
194
[0.99702698, -0.014004827, 0.075769871, -0.32239622;
  5.5520115e-05, 0.98347414, 0.1810486, -0.069333732;
  -0.077053264, -0.18050614, 0.980551, -0.1191596;
  0, 0, 0, 1]
195
[0.99808675, -0.014755719, 0.060042832, -0.32357052;
  0.0040976051, 0.98475605, 0.17389284, -0.067914359;
  -0.061693456, -0.17331411, 0.98293239, -0.12674564;
  0, 0, 0, 1]
196
[0.99893177, -0.015687115, 0.043465141, -0.32491973;
  0.0081146276, 0.98554778, 0.16920322, -0.067274965;
  -0.045491282, -0.16866978, 0.9846223, -0.13210112;
  0, 0, 0, 1]
197
[0.99926835, -0.015728706, 0.034862913, -0.3273972;
  0.0096688922, 0.9858048, 0.16761696, -0.066452868;
  -0.037004426, -0.16715725, 0.98523557, -0.13535966;
  0, 0, 0, 1]
198
[0.99978215, -0.01859685, 0.0094753616, -0.32292867;
  0.016773485, 0.98607057, 0.16547945, -0.066176429;
  -0.012420773, -0.16528447, 0.98616773, -0.14359765;
  0, 0, 0, 1]
199
[0.99986869, -0.016044045, 0.0022733635, -0.3376725;
  0.015430938, 0.98555595, 0.16864561, -0.066776276;
  -0.0049462845, -0.16858837, 0.98567414, -0.14983252;
  0, 0, 0, 1]
200
[0.9998312, -0.018008428, -0.0036444482, -0.34543398;
  0.018364076, 0.98581421, 0.16683255, -0.065369144;
  0.0005883571, -0.16687131, 0.98597848, -0.15486075;
  0, 0, 0, 1]
201
[0.99981546, -0.017380087, -0.0081851473, -0.35312501;
  0.018512646, 0.98547935, 0.16878299, -0.066503383;
  0.0051328302, -0.16890338, 0.98561925, -0.15712588;
  0, 0, 0, 1]
202
[0.99961096, -0.019073196, -0.020349456, -0.36961144;
  0.022170814, 0.98606861, 0.16485508, -0.062984049;
  0.016921647, -0.16524212, 0.98610783, -0.16259371;
  0, 0, 0, 1]
203
[0.99924725, -0.015857857, -0.03540393, -0.38239902;
  0.021450061, 0.98628682, 0.16364059, -0.060910266;
  0.032323442, -0.16427682, 0.98588455, -0.17098053;
  0, 0, 0, 1]
204
[0.99848402, -0.013162222, -0.053445812, -0.39230624;
  0.021711105, 0.98644036, 0.16267776, -0.062480617;
  0.050579906, -0.1635915, 0.98523068, -0.18071438;
  0, 0, 0, 1]
205
[0.9986347, -0.011879444, -0.0508692, -0.39524344;
  0.02001211, 0.98650759, 0.1624878, -0.061715785;
  0.048252586, -0.16328396, 0.98539841, -0.18121317;
  0, 0, 0, 1]
206
[0.99780124, -0.011343913, -0.06529887, -0.39192709;
  0.021648739, 0.98698604, 0.15934204, -0.061055928;
  0.062641509, -0.16040532, 0.98506153, -0.1888141;
  0, 0, 0, 1]
207
[0.99388242, -0.0063735382, -0.1102595, -0.38300335;
  0.022930697, 0.98848695, 0.14955859, -0.058018476;
  0.10803685, -0.15117198, 0.98258591, -0.20806509;
  0, 0, 0, 1]
208
[0.99265552, -0.011590117, -0.12041888, -0.38556287;
  0.028634742, 0.98962438, 0.14079663, -0.055537578;
  0.1175376, -0.14321071, 0.98268795, -0.21811365;
  0, 0, 0, 1]
209
[0.98895878, -0.013728369, -0.14755367, -0.38010019;
  0.033455834, 0.99067688, 0.13206086, -0.054664671;
  0.14436501, -0.13553928, 0.98019785, -0.23222695;
  0, 0, 0, 1]
210
[0.98820829, -0.012088241, -0.15263745, -0.38520581;
  0.032085799, 0.99109411, 0.12924002, -0.053432539;
  0.1497158, -0.13261357, 0.97979528, -0.23557566;
  0, 0, 0, 1]
211
[0.98712832, -0.013883273, -0.15932657, -0.39115575;
  0.034876078, 0.99093556, 0.12973188, -0.057743043;
  0.15608126, -0.1336187, 0.97866476, -0.23782949;
  0, 0, 0, 1]
212
[0.98544359, -0.013165058, -0.16949216, -0.40019521;
  0.034908969, 0.99142134, 0.12595688, -0.057824932;
  0.1663799, -0.1300402, 0.97744936, -0.2400793;
  0, 0, 0, 1]
213
[0.984891, -0.011205707, -0.17281264, -0.40881494;
  0.033429906, 0.9914369, 0.12623534, -0.059080828;
  0.16991827, -0.13010515, 0.97683185, -0.24243169;
  0, 0, 0, 1]
214
[0.98236156, -0.012905578, -0.18654558, -0.41619787;
  0.036088232, 0.99194515, 0.12141839, -0.057469033;
  0.18347602, -0.12600887, 0.97491449, -0.24908935;
  0, 0, 0, 1]
215
[0.97639036, -0.0082478477, -0.21585615, -0.42010853;
  0.034819953, 0.99221259, 0.11959005, -0.05660085;
  0.21318881, -0.12428267, 0.96907395, -0.2618621;
  0, 0, 0, 1]
216
[0.97401202, -0.0058924272, -0.22641973, -0.42806408;
  0.032521769, 0.99294126, 0.11406144, -0.051497255;
  0.22414941, -0.11846078, 0.96732831, -0.26910523;
  0, 0, 0, 1]
217
[0.97356081, -0.0073058037, -0.22831109, -0.43668726;
  0.034110047, 0.9929319, 0.1136784, -0.053686582;
  0.22586685, -0.11846054, 0.96692878, -0.27146477;
  0, 0, 0, 1]
218
[0.96911663, -0.010507238, -0.24637879, -0.43428764;
  0.038352773, 0.99335688, 0.10849502, -0.053673565;
  0.24360208, -0.11459364, 0.96308166, -0.27670121;
  0, 0, 0, 1]
219
[0.96486002, -0.007309048, -0.26266277, -0.43608209;
  0.036804996, 0.99351794, 0.10755235, -0.05288481;
  0.26017407, -0.11344026, 0.95887476, -0.28138706;
  0, 0, 0, 1]
220
[0.96276474, -0.0047657108, -0.27029854, -0.4372941;
  0.034783341, 0.99371773, 0.10637276, -0.052262913;
  0.26809353, -0.11181383, 0.95688218, -0.28391626;
  0, 0, 0, 1]
221
[0.96211851, -0.002579089, -0.27261946, -0.44481659;
  0.032035179, 0.99409753, 0.1036528, -0.050842054;
  0.27074301, -0.10845969, 0.95652223, -0.28646615;
  0, 0, 0, 1]
222
[0.95661241, -0.0030096869, -0.29134795, -0.45102391;
  0.031711284, 0.99508202, 0.093841486, -0.050228436;
  0.28963265, -0.099008948, 0.95200324, -0.29032305;
  0, 0, 0, 1]
223
[0.95153862, -0.002635499, -0.30751801, -0.45068666;
  0.031571619, 0.9955169, 0.089158788, -0.051251411;
  0.30590439, -0.094546869, 0.94735599, -0.29650459;
  0, 0, 0, 1]
224
[0.94519114, 0.0016252795, -0.3265135, -0.45150179;
  0.026407164, 0.99633139, 0.081402861, -0.049054738;
  0.32544795, -0.085563563, 0.94168067, -0.29805571;
  0, 0, 0, 1]
225
[0.94605488, 0.0034897148, -0.32398763, -0.45812705;
  0.022699671, 0.9967711, 0.077020168, -0.046973508;
  0.32321027, -0.080219723, 0.94292092, -0.29800594;
  0, 0, 0, 1]
226
[0.94451076, 0.0028563067, -0.32846814, -0.45718777;
  0.021895163, 0.99719083, 0.071630992, -0.0498785;
  0.32775003, -0.074848108, 0.94179493, -0.29477975;
  0, 0, 0, 1]
227
[0.9461416, 0.0037196381, -0.32373172, -0.46431297;
  0.019959234, 0.99736184, 0.069792628, -0.050175622;
  0.32313725, -0.072495148, 0.94357127, -0.29065037;
  0, 0, 0, 1]
228
[0.94730508, 0.0069938148, -0.32025641, -0.45826679;
  0.011386802, 0.99839461, 0.055484802, -0.054913308;
  0.32013032, -0.056207731, 0.94570464, -0.24695519;
  0, 0, 0, 1]
229
[0.94932735, 0.0058479584, -0.31423455, -0.45977309;
  0.012006965, 0.99842215, 0.054854792, -0.054546401;
  0.31405953, -0.055848155, 0.94775927, -0.23787293;
  0, 0, 0, 1]
230
[0.95262021, 0.0048110769, -0.30412436, -0.45852768;
  0.013706192, 0.99818021, 0.058723073, -0.059511222;
  0.30385345, -0.060109172, 0.95082068, -0.21758987;
  0, 0, 0, 1]
231
[0.95767826, 0.0010920882, -0.28783885, -0.46697408;
  0.017915744, 0.99782777, 0.063393928, -0.065070927;
  0.28728282, -0.065867834, 0.95557839, -0.20107816;
  0, 0, 0, 1]
232
[0.96041512, -0.00094802043, -0.27857116, -0.47239459;
  0.019113805, 0.9978618, 0.062501788, -0.063654304;
  0.27791625, -0.065352216, 0.95837969, -0.19345191;
  0, 0, 0, 1]
233
[0.96148258, -0.0022257278, -0.27485681, -0.46529377;
  0.021377444, 0.99754381, 0.066703022, -0.068136521;
  0.27403325, -0.07000953, 0.95916861, -0.17465201;
  0, 0, 0, 1]
234
[0.96407276, -0.0066798222, -0.26555437, -0.46528661;
  0.024471331, 0.99766612, 0.063745551, -0.065798886;
  0.26450878, -0.067953818, 0.96198618, -0.15928741;
  0, 0, 0, 1]
235
[0.96506238, -0.012057658, -0.26174259, -0.46305594;
  0.029748973, 0.99752343, 0.063733682, -0.06307406;
  0.26032591, -0.069293551, 0.96303105, -0.14171228;
  0, 0, 0, 1]
236
[0.96565026, -0.014135775, -0.25946045, -0.46264336;
  0.032024011, 0.99738121, 0.064847022, -0.06127451;
  0.2578643, -0.070928514, 0.96357417, -0.13426197;
  0, 0, 0, 1]
237
[0.96737427, -0.015990566, -0.25284654, -0.46550834;
  0.034552943, 0.99700809, 0.069144331, -0.059967611;
  0.25098437, -0.07562504, 0.96503246, -0.11821437;
  0, 0, 0, 1]
238
[0.96776074, -0.026677661, -0.25045457, -0.45821655;
  0.046160471, 0.99631852, 0.07224001, -0.060988676;
  0.24760535, -0.081472144, 0.96542937, -0.097332135;
  0, 0, 0, 1]
239
[0.96745759, -0.028156921, -0.25146165, -0.4541201;
  0.047409464, 0.99636078, 0.070834629, -0.054044254;
  0.24855202, -0.080451161, 0.96527171, -0.087308295;
  0, 0, 0, 1]
240
[0.9682101, -0.032831047, -0.24797441, -0.45577198;
  0.051389202, 0.99631023, 0.068739504, -0.050419807;
  0.24480264, -0.07929749, 0.96632481, -0.077011004;
  0, 0, 0, 1]
241
[0.9699387, -0.033923589, -0.24097314, -0.46005473;
  0.051517311, 0.99641609, 0.067088917, -0.047871009;
  0.23783363, -0.077486426, 0.96821022, -0.069798075;
  0, 0, 0, 1]
242
[0.97273815, -0.034313295, -0.22935364, -0.47277632;
  0.051056843, 0.99641401, 0.067470878, -0.048782211;
  0.22621603, -0.077341571, 0.97100186, -0.064717025;
  0, 0, 0, 1]
243
[0.97392476, -0.038675617, -0.22355033, -0.47180018;
  0.05490578, 0.99625146, 0.06684605, -0.051969171;
  0.22012703, -0.07737723, 0.97239745, -0.055912212;
  0, 0, 0, 1]
244
[0.97465032, -0.03637002, -0.2207578, -0.46786439;
  0.052336484, 0.99638534, 0.066911399, -0.050173175;
  0.21752626, -0.076768897, 0.97303075, -0.047721639;
  0, 0, 0, 1]
245
[0.98030812, -0.037431248, -0.19389389, -0.48351082;
  0.051816627, 0.99622422, 0.069658436, -0.050845418;
  0.1905544, -0.078333661, 0.97854632, -0.028948639;
  0, 0, 0, 1]
246
[0.98374367, -0.039482281, -0.17518426, -0.48245004;
  0.052701015, 0.99605054, 0.071455881, -0.049798653;
  0.17167114, -0.079526655, 0.9819392, -0.011906169;
  0, 0, 0, 1]
247
[0.98422337, -0.03896378, -0.17258684, -0.46246639;
  0.052916754, 0.99562615, 0.076996289, -0.04761922;
  0.16883191, -0.084914275, 0.98198032, -0.0075176945;
  0, 0, 0, 1]
248
[0.98700315, -0.04165604, -0.15520826, -0.44188741;
  0.054491062, 0.995354, 0.07937941, -0.040514152;
  0.15118054, -0.086805187, 0.98468739, 0.004126207;
  0, 0, 0, 1]
249
[0.98987103, -0.04521361, -0.1345776, -0.43370399;
  0.05645809, 0.99511832, 0.080944657, -0.040615898;
  0.13026083, -0.087722763, 0.98759145, 0.01485939;
  0, 0, 0, 1]
250
